1000012
100197
100701
100935
100961
101143
101145
101261
101263
101660
101662
10169
10174
10177
101811
10183
10186
102061
1022969
102406
1026
102879
102884
102938
102939
1031453
1033
1034
103430
103482
1035
103515
103528
103529
103531
103537
103543
10430
10435
104840
105057
1050679
10531
105856
105865
105899
1059953
1061127
1063773
106590
107177
1071981
107251
107252
107569
10793
10796
10798
108047
108962
108963
108974
108983
109323
1095507
10981
110041
110162
110163
110164
1102364
1102400
1102407
1102442
1102548
1102550
1102567
1102625
1102646
1102751
1102761
1102794
1102850
1102873
1103016
1103031
1103038
1103162
1103315
1103383
1103394
1103499
1103610
1103676
1103737
1103960
1103969
1103979
1103985
1104007
1104031
1104055
1104182
1104191
1104258
1104261
1104300
1104379
1104435
1104449
1104495
1104647
1104749
1104769
1104787
1104809
1104851
1104946
1104999
1105011
1105033
1105062
1105116
1105148
1105221
1105231
1105344
1105360
1105394
1105428
1105433
1105450
1105505
1105530
1105531
1105574
1105603
1105622
1105672
1105698
1105718
1105764
1105810
1105877
1105887
1105932
1106052
1106103
1106112
1106172
1106236
1106287
1106298
1106330
1106370
1106388
1106401
1106406
1106418
1106492
1106546
1106547
1106568
1106630
1106671
1106764
1106771
1106789
1106849
1106854
1106966
1107010
1107041
1107062
1107067
1107095
1107136
1107140
1107171
1107215
1107312
1107319
1107325
1107355
1107367
1107385
1107418
1107455
1107558
1107567
1107572
1107674
1107728
1107808
1107861
1108050
1108167
1108169
1108175
1108209
1108258
1108267
1108329
1108363
1108389
1108551
1108570
1108597
1108656
1108728
1108834
1108841
1109017
1109185
1109199
1109208
11093
1109392
1109439
1109542
1109566
1109581
1109830
1109873
1109891
1109957
1110000
1110024
1110028
1110209
1110256
1110390
1110426
1110438
1110494
1110515
1110520
1110531
1110546
1110563
1110579
1110628
1110768
1110947
1110950
1110998
1111052
1111186
1111230
1111240
1111265
1111304
1111614
1111733
1111788
1111899
1111978
1112026
1112071
1112075
1112099
1112106
1112194
1112319
1112369
1112417
1112426
1112574
1112650
1112665
1112686
1112723
1112767
1112911
1112929
1113035
1113084
1113182
1113438
1113459
1113534
1113541
1113551
1113614
1113739
1113742
1113828
1113831
1113852
1113926
1113934
1113995
1114118
1114125
1114153
1114184
1114192
1114222
1114239
1114331
1114336
1114352
1114364
1114388
1114398
1114442
1114502
1114512
1114526
1114605
1114629
1114664
1114777
11148
1114838
1114864
1114992
1115166
1115291
1115375
1115456
1115471
1115670
1115677
1115701
1115790
1115886
1115959
1116044
1116146
1116181
1116268
1116328
1116336
1116347
1116397
1116410
1116530
1116569
1116594
1116629
111676
1116835
1116839
1116842
1116922
1116974
1117049
1117089
1117184
1117219
1117249
1117348
1117476
1117501
1117618
1117653
111770
1117760
1117786
1117833
1117920
1117942
1118017
1118083
1118092
1118120
1118209
1118245
1118286
1118302
1118332
1118347
1118388
1118546
1118658
111866
1118764
1118823
1118848
1119004
1119078
1119140
1119178
1119180
1119211
1119216
1119295
1119471
1119505
1119623
1119654
1119671
1119708
1119742
1119751
1119987
1120019
1120020
1120049
1120059
1120084
1120138
1120169
1120170
1120197
1120211
1120252
1120431
1120444
1120563
1120643
1120650
1120713
1120731
1120777
1120786
1120858
1120866
1120880
1120962
112099
1121057
1121063
1121176
1121254
1121313
1121398
1121459
1121537
1121569
1121603
1121659
1121739
1121867
1122304
1122425
1122460
1122574
1122580
1122642
1122704
1123068
1123087
1123093
1123188
1123215
1123239
1123493
1123530
1123553
1123576
1123689
1123756
112378
1123867
1123926
1123991
1124837
1124844
1125082
1125092
1125258
1125386
1125393
1125402
1125467
1125469
1125492
1125597
1125895
1125906
1125909
1125944
1125953
1125992
1125993
1126011
1126012
1126029
1126037
1126044
1126050
1126315
1126350
1126503
1127430
1127530
1127541
1127551
1127558
1127566
1127619
1127657
1127810
1127812
1127851
1127863
112787
1127913
112813
1128151
1128198
1128201
1128204
1128208
1128227
1128256
1128267
1128291
1128314
1128319
1128369
1128407
1128425
1128430
1128437
1128453
1128531
1128536
1128542
1128839
1128846
1128853
1128856
1128868
1128881
1128927
1128935
1128943
1128945
1128946
1128959
1128974
1128975
1128977
1128978
1128982
1128985
1128990
1128997
1129015
1129018
1129021
1129027
1129040
1129096
1129106
1129111
1129208
1129243
1129367
1129368
1129369
1129442
1129443
1129494
1129518
1129570
1129572
1129573
1129608
1129610
1129621
1129629
1129683
1129778
1129798
1129835
1129907
1129994
1130069
1130080
1130243
1130356
1130454
1130539
1130567
1130568
1130586
1130600
1130634
1130637
1130653
1130657
1130676
1130678
1130680
1130780
1130808
1130847
1130856
1130915
1130927
1130929
1130931
1130934
1131116
1131137
1131149
1131150
1131163
1131164
1131165
1131167
1131172
1131180
1131184
1131189
1131192
1131195
1131198
1131223
1131230
1131236
1131257
1131258
1131266
1131267
1131270
1131274
1131277
1131300
1131301
1131305
1131312
1131314
1131330
1131334
1131335
1131345
1131348
1131359
1131360
1131374
1131414
1131420
1131421
1131464
1131466
1131471
1131549
1131550
1131557
1131565
1131607
1131611
1131634
1131639
1131647
1131719
1131728
1131734
1131741
1131745
1131748
1131752
1131754
1131828
1132073
1132083
1132157
1132285
1132385
1132406
1132416
1132418
1132434
1132443
1132459
1132461
1132486
11325
1132505
11326
1132706
1132731
1132809
1132815
1132857
1132864
1132887
1132922
1132948
1132968
1133004
1133008
1133010
1133028
1133047
1133196
1133338
1133390
1133417
1133428
1133469
11335
11337
1133846
11339
1133930
1134022
1134031
1134056
1134197
11342
1134320
1134346
1134348
1134865
1135082
1135108
1135115
1135122
1135125
1135137
1135345
1135358
1135368
1135455
1135589
1135746
1135750
1135894
1135899
1135955
1136040
1136110
1136310
1136342
1136393
1136397
1136422
1136442
1136446
1136447
1136449
1136631
1136634
1136791
1136814
1137140
1137466
1138027
1138043
1138091
1138619
1138755
1138968
1138970
1139009
1139195
1139928
114
1140040
1140230
1140231
1140289
1140543
1140547
1140548
114189
114308
114966
115188
1152075
1152143
1152150
1152162
1152179
1152194
1152244
1152259
1152272
1152277
1152290
1152307
1152308
1152358
1152379
1152394
1152421
1152436
1152448
1152490
1152508
1152564
1152569
1152633
1152663
1152673
1152676
1152711
1152714
1152740
1152761
1152821
1152858
1152859
1152896
1152904
1152910
1152917
1152944
1152958
1152959
1152975
1152991
1153003
1153014
1153024
1153031
1153056
1153064
1153065
1153091
1153097
1153101
1153106
1153148
1153150
1153160
1153166
1153169
1153183
1153195
1153254
1153262
1153264
1153275
1153280
1153287
1153577
1153703
1153724
1153728
1153736
1153784
1153786
1153811
1153816
1153853
1153860
1153861
1153866
1153877
1153879
1153889
1153891
1153896
1153897
1153899
1153900
1153922
1153933
1153942
1153943
1153945
1153946
1154012
1154042
1154068
1154071
1154074
1154076
1154103
1154123
1154124
1154169
1154173
1154176
1154229
1154230
1154232
1154233
1154251
1154276
1154459
1154500
1154520
1154524
1154525
1155073
116021
116081
116084
116087
116512
116528
116545
116552
116553
116790
117
117315
117316
117328
118079
118259
118260
118424
118435
118436
118558
118559
118682
118873
119686
119712
119761
119956
120013
120039
120084
120817
1213
12155
12158
12165
12169
121792
12182
12194
12195
12197
12198
12199
12210
12211
12238
12247
12275
12330
12337
12347
12350
123556
12359
1237
123825
124064
124224
124296
12439
1246
124734
124828
124952
12558
12576
126128
12631
12638
126793
126867
126868
126909
126912
126920
126926
126927
127033
1272
127940
128
128202
128203
128383
128540
129042
129045
129287
12946
129558
12960
129896
129897
130
13024
131042
131117
131122
131315
131317
131318
13136
13193
13195
13205
13208
13212
13213
13269
132806
132821
133550
133553
133563
133566
133567
133615
133628
134060
134128
134199
134219
134307
134314
134315
134316
134320
135130
135464
135765
135766
135798
1365
13652
13654
13656
13658
136665
136766
136767
136768
13686
137130
13717
137359
137380
137790
137849
137868
137873
137956
1385
13885
13917
139547
13960
13966
13972
139738
13982
139865
140005
140569
14062
14083
14090
141160
141171
141324
141342
141347
141596
141868
142268
143323
143476
143676
143801
144212
14428
14429
14430
14431
144330
144408
144679
144701
145134
145176
145215
14529
14531
145315
145384
14545
14549
147870
14807
1481
148170
148341
148399
149139
149669
15076
151430
151708
152219
152226
152227
152483
152731
153063
153598
154023
154047
154134
15429
15431
154982
155158
155277
155736
155738
15670
156794
156977
157401
157761
157805
158098
158172
158614
158812
15889
15892
159084
159085
15984
15987
159897
16008
160705
160732
161221
162075
162080
162664
163235
164
16437
16451
16461
16470
16471
16474
16476
16485
164885
166420
166825
166989
167205
167656
167670
16819
168332
168410
16843
1688
168958
169279
169280
1694
170338
170798
171225
1717
171954
17201
17208
17242
17363
173863
173884
174418
174425
17476
17477
17488
175256
175291
175548
175576
175909
177115
17798
177993
177998
17811
178209
17821
1786
178718
178727
179180
179702
179706
180187
180301
180373
180399
1817
181782
182093
182094
18251
18313
184157
184918
18532
18536
18582
18615
18619
187260
187354
18770
18773
18774
18777
18781
18785
18811
18812
18815
188318
18832
18833
18834
188471
189566
189571
189572
189574
189577
189620
189623
189655
189708
189721
189774
189856
19045
190697
190698
190706
191216
191222
191404
1919
19231
192734
192850
192870
193347
193352
193354
193742
193918
193931
193932
194223
194609
194617
194645
1949
1951
195150
1952
1953
195361
1955
1956
195792
1959
19621
19697
197054
197452
197783
198443
198653
198866
199571
1997
1999
200480
200630
20178
20179
20180
20193
202520
202522
202639
203646
205192
205196
20526
20528
20534
20584
20592
20593
20601
20602
206259
206371
206524
207395
20821
20833
208345
20850
20857
20920
20923
20924
20942
20972
210309
210871
210872
211432
211875
211906
212097
212107
212777
212930
213246
213279
214472
215912
216877
216878
217115
217139
217852
217984
218410
218666
218682
219218
219239
219446
219976
220420
221302
22229
22241
22386
22431
22563
22564
22566
226698
227178
227286
22835
22869
22874
22875
22876
22883
22886
228990
228992
229635
230300
23069
23070
230879
230884
23116
231198
231249
23258
232605
232606
232860
233106
23448
23502
23507
2354
23545
23546
235670
235678
235679
235683
235776
236759
237376
23738
237489
237521
23774
238099
238401
239800
239810
239829
240321
24043
240791
241133
241821
242637
242663
243274
243483
2440
24476
245288
24530
245955
246618
248119
248395
248425
248431
248823
249421
24966
24974
249858
250566
251756
25181
25184
252715
252725
253762
253971
25413
254923
255233
255628
256106
25702
25772
25791
25794
25805
258259
259126
259701
259702
259772
260121
260979
261040
262108
262121
262178
263069
263279
263482
263486
263498
263553
264347
264556
265203
2653
2654
2658
2663
2665
267003
267824
26850
2695
2696
2698
270085
2702
270456
270600
27174
27199
27203
27230
272345
27241
27243
27246
27249
27250
272720
273152
273949
27510
27514
27530
27531
27535
27543
27606
27612
27623
27627
27631
27632
277263
278394
278403
27895
28026
280876
28202
28227
28230
28249
28254
28265
28267
282700
28278
28287
28290
28336
28350
28359
28385
28387
28389
284023
284025
28412
284414
28447
28456
28471
28473
28485
28487
28489
28491
28504
28542
285675
285687
28632
28640
28641
28649
286500
286513
286562
28674
287787
288
288107
28851
289085
289088
28957
28964
289779
289780
289781
289885
289945
292277
293271
293285
293974
294030
294126
294145
294239
29492
29708
29723
29738
299195
299197
300071
300806
302545
307015
307336
307656
308003
30817
308232
3084
3085
308529
308920
30895
30901
30934
309476
3095
3097
30973
3101
31043
310530
31055
310653
310742
31083
31097
31105
3112
312409
31336
31349
31353
314459
31479
31483
31489
315266
315789
31769
318071
318187
31863
3187
3191
3192
31927
31932
32083
321004
3217
3218
321861
3220
3222
3223
32260
32276
3229
3231
323128
3232
3233
3235
3236
3237
3240
3243
325314
325497
32688
32698
328370
32872
33013
330148
330208
33231
33301
33303
33325
33412
334153
335042
335733
337766
33818
33823
33895
33904
33907
340075
340078
340299
34082
341188
34257
34263
34266
342802
34315
34355
345340
346243
346292
34708
348305
348437
34961
34979
35
350319
350362
350373
35061
35070
35335
35343
353541
354004
35490
35778
35797
35852
35854
35863
358866
358884
358887
358894
35905
359067
35922
360028
36131
36140
36145
36162
36167
362926
365294
36620
367312
36802
368431
368605
368657
370366
372862
37483
37541
375605
375825
376704
377303
37879
37884
37888
379288
37998
38000
380341
38205
3828
384428
38480
385067
385251
38537
385572
38722
38771
387795
38829
38839
38845
38846
389715
390693
390889
390894
390896
390922
39124
39126
39127
39130
39131
39165
39199
39210
3932
39403
39474
395075
395540
395547
395553
395725
396412
397488
397590
39890
39904
399173
399339
399370
40
400356
400455
400473
40124
40125
40131
40135
40151
40583
40605
40886
408885
40922
409255
409725
411005
411092
41216
41417
415693
416455
41666
416867
416964
417017
41714
41732
421481
42156
42207
42209
42221
423463
423816
424
424540
4274
427606
42847
42848
428610
429781
429805
430329
430574
430711
431206
43165
43186
4329
4330
4335
434
43639
436796
43698
44017
440815
44121
44368
444191
444240
44455
44514
445938
446271
446610
447224
447250
449841
45052
45061
45188
45189
45212
4553
45533
45599
45603
45605
4584
458439
459206
459213
459214
459216
46079
463
4637
463825
46431
46452
46468
46470
46476
4649
46491
46500
46501
46536
46547
4660
466170
467383
46887
469504
470511
47570
47682
47683
47684
47839
4804
48066
48075
481073
48550
48555
486840
48764
48766
48768
4878
48781
49482
49660
49720
49753
49811
4983
49843
49844
49847
49895
502574
50336
50337
50354
5038
50381
503871
503877
503883
503893
504
5055
506
5062
5064
5069
5075
50807
50838
5086
509233
509315
509379
50980
51045
51049
51052
510715
510718
51180
513189
51831
51834
51866
51879
51909
519318
51934
519353
5194
52000
52003
52007
520471
521183
521207
521251
521252
521269
521855
522338
523010
523394
523574
52515
52784
52835
52847
529165
531348
531351
5348
53942
54129
54131
54132
5454
54550
545647
5462
54844
552469
55403
55770
55801
55968
559804
5600
560936
56112
56115
56119
561238
561364
561568
561581
561582
561593
561595
561610
561611
561613
56167
561674
561789
561809
562067
562123
562940
563613
566488
566653
566664
567005
567018
56708
56709
568045
568857
57119
573535
573553
573964
573978
574009
574264
574462
574710
575077
575292
575331
575402
575795
576257
576362
576691
576725
576795
576973
577086
577227
577331
57764
57773
578306
578309
578337
578347
578365
578645
578646
578649
578650
578669
578780
578845
578898
579008
579108
57922
57932
57948
582139
582343
582349
582511
58268
583318
58436
58453
58454
58540
58552
5869
58758
589923
590022
59045
591016
591017
59244
592826
592830
592973
592975
592986
592993
592996
593022
593060
593068
593091
593104
593105
593155
593201
593209
593210
593240
593248
593260
593328
593329
593544
593559
593560
593813
593859
593921
593942
594011
594025
594039
594047
594119
594387
594483
594511
594543
594649
594900
595056
595063
595157
595193
5959
596075
59626
5966
59715
59772
59798
601462
601561
601567
60159
60169
60170
604073
60560
606479
606647
60682
608190
608191
608292
608326
610529
61069
61073
612306
6125
6130
61312
613409
61417
6151
6152
6155
6163
616336
6169
6170
617378
617575
6184
6196
6209
6210
6213
6214
6215
621555
6216
6217
6220
6224
62274
62329
62333
62347
6238
62389
62417
62607
62634
626530
626531
626574
62676
626999
627024
62718
628458
628459
628500
628667
628668
628751
628764
628766
628815
628888
630817
630890
631015
631052
6311
6318
632796
632874
632935
633030
633031
633081
6334
633585
633721
6343
6344
6346
63477
63486
634902
634904
634938
634975
63549
636098
636500
636511
6378
63812
63832
63835
6385
63915
63931
640617
641956
641976
642593
642621
642641
642681
64271
642798
642827
642847
642894
642920
642930
643003
643069
64319
643199
643221
643239
643485
643597
643695
643734
643735
643777
644093
644334
644361
644363
644427
644441
644448
644470
644494
644577
64484
644843
645016
645046
645084
645088
64519
645452
645571
645870
645897
646195
646286
646289
646334
646357
646412
646440
646809
646836
646837
646900
646913
647315
647408
647413
647447
648106
648112
648121
648232
648369
649730
649731
649739
649944
65057
65074
650807
650814
650834
65212
653441
653628
6539
654177
654326
654339
654519
656048
656231
65650
65653
662250
662279
662416
662572
6639
66556
66563
66564
66594
66596
66751
66782
66794
66805
66809
66982
66986
66990
671052
671269
671293
672064
672070
672071
67245
67246
67292
6741
67415
675649
675756
67584
675847
67633
6767
6771
6775
6782
6784
6786
68115
6814
6818
68224
682508
682666
682815
683294
683355
683360
683404
684372
684531
68463
68495
684972
684986
68505
686015
686030
686061
686532
686559
687401
688361
688824
688849
689152
689439
6898
6910
6913
6917
69198
6923
6925
69284
69296
693143
6935
6939
69392
69397
6941
69418
694759
695284
696342
696343
696345
696346
7022
70281
7032
703953
7041
70441
70442
70444
7047
70520
708945
709113
709518
70970
711527
711598
711994
71336
714208
714256
714260
714289
714748
714879
714975
71736
71904
72056
72101
72406
7272
7276
72805
72908
7296
7297
73119
73146
73162
733167
73323
73327
733534
733576
734406
735303
735311
73712
737204
738941
739280
739707
73972
739816
7419
7430
7432
74427
746058
74698
74700
74749
74821
74920
74921
74937
74975
75121
751408
752684
753047
753070
75318
7532
753264
753265
7537
754594
755082
755217
756061
75674
75691
75693
75694
75695
75969
75972
75983
762980
763009
763010
763181
767763
77108
77112
77438
77515
77758
77826
77829
779960
782486
78508
78511
78549
78552
78555
78557
785678
7867
787016
78994
79809
79817
801170
80491
80515
80656
8079
81350
814836
815073
815096
81714
81722
817774
820661
820662
82087
82090
82098
8213
8224
824245
82664
82666
82920
83449
83461
83725
83746
83826
83847
84020
84021
84459
84695
851968
85299
853114
853115
853116
853118
853150
853155
85324
85352
854434
85449
85452
85688
8581
8591
8594
8617
8619
86258
86359
86840
8687
86923
8696
8699
8703
87363
87417
87482
8766
87915
8821
8832
88356
884094
8865
887
8872
8874
8875
892139
89308
89335
89416
89547
8961
899085
899119
90470
906
90655
907845
90888
910
91038
911198
91581
917493
91852
91853
91975
919885
92065
92589
928873
93273
93318
93320
93555
936
93755
93923
940
941
94229
943
943087
94416
94639
94641
94713
948147
948299
948846
949217
949318
949511
94953
950052
950305
950986
9513
9515
95188
95198
95225
954315
95435
95579
95586
95588
95589
9559
95594
95597
95642
95718
95719
9581
9586
96335
964248
96845
96847
96851
9708
9716
97377
97390
975567
976284
976334
97645
97892
98693
98698
987188
987197
989397
990075
99023
99025
99030
