
193931 447250 688361
1107041
1120643 1134865
60169
101145 596075

101263
1112099 1139928 28456
1107095
1107095
1107067 1123867 114189 158614 17798 20850 211875 259126 3231 39126 39131 49660 552469 6334 63477 63486 636098 711598 85452
10186
10169 1112574 12197 12198 12210 124734 15429 164 249858 27606 4804 67415 68495 68505 9515
101662 1153064 151430 6935
10186 10430 1108267 1110947 1114336 1120713 259772 47570 54550 6378
86840
509315


1034 1102550 1105231 1129798 1153945
9513
9513
143676
102938 143676

1034 1107062
1153945
1154074 75318
1114388 1119140 1128990 27510 27514
1034 1107062 1110515
1113742 1127913 1128314 1129778 1153853 246618 459214 54131 575402
103529 1107171
1107171
1107171 656048
126912
126912 126927
1120713 3095
1103394 112378 208345 22566 41417 8703



1102850 1107567 1129442 1130634 194617 31336 31349 31353 36620 43698 686532
193931 273949 289085
193931 193932
1111304



1095507 1129994
1119751

107252 389715

1107385 1120777

1110947 1113934 1135358 1153148 180373 20942 30895 31097 417017 46536 601567 6217 8699 93320
10183 10796 1154500 18619 20193 212777 252715 434 601561 8703 97892
1107418 1128319 1153853 1153899 28336 578645 578646 578649 578898
108963 1095507 159897 310653
108962 1095507
108962 108963 1125469 1133417 66794
108962 159897 310653 683404
137849

1102873 23507
1152358 287787
110163 110164
110162 110164



















































































































































39199
































































































1129835 1131719 193354 25413



























89308















1119623


















249858












































1114777
































1121459 1131728 141868 145215 654177











































1120444















































































































































































11339





















1127657 11325 1153264 20833 217139 35070 49843 545647 582511
1128256

11326 211432 30901 44017 45061





463825 65650 79809















































1103315 1105394 1106112 1106172 1106406 1107455 1111052 1114125 1117942 1118245 1118332 1120170 1126029 124064 128 130 136665 191404 193742 23258 28227 28287 28350 28387 28471 28485 341188 38480 39403 434 55968 58540 6155 6170 6196 6220 64484 7432 755217 8213 91975 976334







88356
63835
1125258
1107728






















































































































12960
116087 277263
116087 195150 568045 75972

1107808
1110438 25772 3237
1128291 1128319 116553 246618 578645 578649
116553 246618
246618
345340
1109581 149669 17476 189708 206259 28202 28278 28387 28471 32872 33013 341188 38480 39403 6170 6214 75674
28336
117315
1115166 38829 91852 95188

118260 230300
230300
118436
118436


1108209 1121739

1109566 1115959 987188
198443 987188
1114118
143801 284025



1140543
1109873 1140543
1154525 409725 8766
1126350
12199 148399
1107567 1112099
1119471 4637 989397
1152394
1059953 1106418 1117249 1118764 1153183 12165 12211 155736 157761 219239 28632 28640 28641 309476 321861 429781 4660 5038 65650 94713
27199
1107319 1107567 1112099 1131611 1132285 12165 38722 51180
111866 1119471 68495
1126350 12158 12199 164 27612 95225
1119471 12247
1112574 12182 4804 57948 6125 67415 77515
12165
101263 1107567 1112099 12165
1119471 148399

107569 1120777 1152490 1153861 156977 213279 395553 400356 949217
1129683 16451 16470 16474 395725 57764
16451 72101
101811 1104007 1107319 1131611 12158 12195 12198 12210 152227 157805 16451 20601 20602 27612 4804 6125 6539 67415 68495
141160 14807 50354
1131634 16451 242637
102938 1102400 1106112 143676
1131464 1131634 1154276 23448 42847 447250 649730 649739
6163 6220 6224
169279 6898
51834
105057 323128 340078
1102400 1104007 42207 57764 6125
1108167 25805
1108169
1119742 1123756 1126011 1126012 189721

1071981 1104999 1105221 1107674 1129573 127033 135130 229635 28290 416455 56112 56119 56709 574710 575795 62718 63832 83725 8875

1123188 1152150 1154103 12638 662416 6898 6910 78994
1123188 119761 263553 4330 662416 6898 6910
1131270 16843
1108258
1108258 126867
103543
103543 66990
103543 126927 645897
103543 126909
103543 126920 644093 645897 646286
1108267 416455 574710
1102625 1108167 1120962 112378 1123867 1128256 1129208 1135125 1135358 157805 18615 192734 20593 254923 27230 284414 30895 30901 444240 520471 52835 552469 560936 591016 636098 65653 6917 6923 85452 85688 93923 97892
1114364 243274
1114125 20526 39403 91975

128202
1108329
387795
1108363 1121313 129045
1108363 1121313
907845





13960 345340 39403
899119
40125
152219 212930
212930
411005
411005
411005
1118083 160705
17208 755217
1107312 1120731 755217
1105148 13208
1105148 131318
1105148 131318 13208 170338 214472 358884 411005
1152143 131318
17476
45599 48766 593260
695284
1109891 133566 140569
105856 1120049
105856 1120049 133566
1152714
1152714 133566
1128531 1153866 55403
1108570
481073
1113182 1113614 1117760
1114331 164885 447224
1112075 447224 503893 81714
134316
1116044 134316
23069
1117920 142268
23069
1105221 416455 574710
1133004 1135589 120084 237489 8581
6917
135765 449841 6917
1108656
1031453 1102407 1105062 1106287 1108050 1110494 1110998 1113995 1114153 1114352 1114388 1114605 1116347 1116594 1117653 1119140 1120211 1120866 1128839 1129443 1130600 1131647 1131745 1131748 1132922 1132968 1135137 1135368 1136422 1136442 1152143 1152821 1154169 120084 139865 157401 161221 171225 184918 188318 188471 22835 23448 23502 23507 237521 26850 330148 340075 340299 39904 436796 49482 560936 562123 628500 648232 649731 69392 7276 7297 77758 782486 83826 85299 853150 90888 93555 948299 948846 949318 949511 950052 950305
13654 13656 83746
1115959 119686 83746 987188
1120431
1115959 1120431 119686 13656 198443 294239 987188
23258
348437
136766 348437
136766
1107355 1120431 1272 1385
23070 65074
1110531 37998 38000
1108728 1118286 1153101 1153150
1108728 37541 85449
10186 1113852 128203 2354 74749
1115291 17242
1110000 1131277 1131300 1154068 642827 91581

13024

1104379 13917 31043 42847 84459
1120020


13960
1126050 20534
1108834
34979
1108841 1110563
86840

1119708 1152358 1152421 1153280 1154459 141347 33907 44368 646836 97390 98693
1103016
1103016 643069
1109891 1131345 133553 917493
1121569
1113438 503877
1119708 35061 40 575292 608191 70970 78511
1119708
40125
429805
1110209 1117920 134316
1130539 154134 217139 3084 84021
1112686
102938
284025
1131549
1103031 1103969 14429 14431 34082 73119
1103031 1103969 1119216 14431 34082 73119
1103031 1103969 1119216 14429 14431 34082 73119
1103031
63486
219446 3229
1114239
1112911 1128975 1128997 1136342 22229 595063
129287 641976
1112723 1132418 40124
141868 429805 654177
1103038 1114864 1119987 239829
1103038 1105932 1152308 56167 592830 60682
294126 649944
1153287 7430 95589
1103038 14549
1103038 592830
1109185 1132434 636500
1111240 264347
1102567 1106052 1108267 1111614 1113934 1114864 1117184 1119295 1120563 1153891 13960 200480 399173 4878 521207 521269
1109199 1128997
1109208 1131116

1123215
589923
25702 708945
1115670
1120786

1102400
1139928 152226 987197
583318 593091
1109392 23507
1131223 440815 561568 561581 561593 561595 561610 561613 645084
1113459
1112106 1133846 154047
1112106 1133846 154023

10169 10177 1104007 1107572 1114526 1153160 12197 12350 175576 210309 217115 219239 35854 41666 57948 77515 89547 9513 9515
35854
1121867 1130927 1130931 1130934 1133028 129897
397590 8687

155738
155736 157761
12558
1109581
1152490 1153861 390889 395547
1118017
219239
6539

445938
10169
1127812
1110024 1118388 1152564 1153891 15892 175909 221302
1116146 1118388
1152711 159085 241821
1152711 241821
158098 189577 308920 714975
1127530 158098 3192 523394 653441 714289
310653 683355
1105531 1131165 158098 189571 189572 189577 308920 3191 3192 523394 642827

1128853 75969
1153922
1109830 162080 737204
1109830 1135345 162075 739707
118682 39165 510718 531348 531351
1109873

152219 16470 16474 395725 430329 51831
118436
1105603
1129621
1104787 1114992 1126044 16474 273949
16471
1123087 1129621 12359 16474
105856 1104787 1105603 1109891 1120049 1123087 12347 286500
447224
1119751
1110024 1118388
1110028 1121063 25805


1123068
1131167 1131236 1131274 1131312 126793 643003 643069 643221 644093 644334 646195 646286
86359

1152259 1152991 643069
1103985 1131360 1133338 1134022 1136814 1153065 152483 1694 39474 44368 576725 647413 69284 694759 84021

1132083 1154103
1132083 1154103
39474

656231

1115291 1116336 1135108 50381 733167
1110256 1135750 1138755 820662
1107140 1118245 1126012 17208 184157 32872 95435
1152633 1153262 184157 32872 95435
1115291 280876
444191
116790

307336 636511
174418 636511
1103162 1105033 1122425 1129208 170338 28456 33013 682666 892139
1103162
1103162
1120643 1133196 682815
52784
105856 1120049 689152 753070

112787 1153891 221302
5069
1119987 1152308 3231 323128 39131 56167
1110515
1110515 583318
1107136 63486
1000012 116084 195150 568045 75972
245955
35797
1110546 69296
1110546
1110563 1126037 139865
1121569 1152859 141171 424540
141171
1131719
1110628
180399
1120084 385572
1114502

197054
1131550 197054 650814
1106052
249421
95435
171225 330148
86923
1106854 424540 86923

1000012 4660 582343
1153091 18615 4660
1110950
1117786 1127851 372862
28964 531348 531351
167656 88356
73146
103537 1112686 116790 173863 18774 33013 345340 445938 510718 66794 73146 79817 94713
1108175 18785 86840

1106401 1112686 20920
20920 510715
1104449 20920
1110998
1122425 18833 682666 81350

1152740 1152944 18833
628500
1153014 189856 310742 36802 90470
1154232 189572 521855 714748
1134348
1123689

1129994 1133417
683355
559804 714260 714748
149669
1129518
1134346 714879
1129518 1129994 683355 683404
593210 593328 593329 87363

1114502 190697 198443
144212 182094

191216 708945

1108389 1109581
1107572 1153736 12960 18619 30934 686061

272720
1111186 1114398
1129835 1131719 193354 612306
1129835 1131719 193347 193354 612306
1129835
1111230 6152
1111240
1111240 193932
1111240
1126044 390922
1128868 1129572 1154520 126128 215912 31927 563613
1124844 1129572 215912 31932
248823
129042 3101
3095
568045
1107215 1111899 1949 3101
1153166 1153724 1153728 1949
1111304
110163 1110390 1125386 1956
101143 1111899 1118302 1153101 1153150 1817 263486 83449
1128974 19045 377303 593210 682815
101143 1152896 1153728 170798 207395 3097 310530 38839 73327 82664
1106287 1114153 1114442 1126044 1128846 1131464 1135082 1135137 123825 184918 23448 240791 330148 42847 49482 6184 62347 628888 631052 649730 649739 66990 684372 7276 7297 763009 83826 853116 948147 948299 950052
131318 239800 32698 40124 95718
1125092
1135894 424

190697
1113551 1130539 1152896 3084 887
1153728 73327
46431
1102442 1108551 1109439 1109542 129897 154982 3233 49811 7032
1102442 1123068 1131471 39126 6771

643734
38829 64271 91853
20178 91852 91853 95188
91853 943
1108597 1114777 1116397 1116839 1119180 112813 1130653 1130657 1138091 1152244 1153877 1153879 1153889 144330 3085 30973 395725 5062 566488 566653 566664 91853
1115701 446271
446271
1117348 1123087 1154123 1154124 144408 242637 40131 643597 672064
1116569
1132968 578337 99030
1112929 1130568 1130586 628751 628764 628766 815096 950986
1103315 1118092
1103315 1103676 1107067
1103315 1106966 1107455 1111052 23774 70442 7419
1106849 1111788 1118823 20592 20593 235776 389715 6311
20593

1108167 1118209 1121537 12158 12199 12247 124734 20602 25805 42207 95225
1108167 1121537 12155 12158 12199 12247 20601 42207 95225

69296
48075

1127851 372862

1114777 55801

1127863 1155073

1115701 1116530 20924 289885 294030
1108267 1113934 1115701 289885 294030 521207

1116181
1111978
1117476 1128151 1129629 198653 273152 35 38205 568857 575077 595157 59715 81714 887
1129610 210871 273152 35 593260 606479



1112071
1112071


1122642 34263
197783

31932
1117618 334153
1117618 334153 711527
1112319
154134

1112369
1152663 134128

22874
1112417
12247 157761
1112426 1127812 249421 567018
1116410
1128227
1153891
1103383 1107418 1112911 1128369 144701 190697 22241 243483 459216 593105 595193
1103383 1107418 1128369 595193
1107010 1128407 207395 310530 38839 38845 38846 3932
1110426 144330 49843 49844 49847 6639
10435 107251 107252 1103394 1120962 1121459 1123926 12439 13686 1786 22564 22566 3220 36140 389715 63915 6767 6771 94229
10435 1103394 22566
10435 1103394
1112767 1122304
1114502 1128946 1128985 593240 96847
1115790
1110563 39904
22876
22876
1110947 1113934 22876

22876
1107367 1120444 28447
228992


118260
23070 74700
1116044 134307 134316 74698 87915
1130808 1132486 1132948 1133428 1140230 205192 230884 236759 2658 578309 578337 696342 696343 696345 696346 751408 851968 99030
1131607 1132486 1135899 751408
1105433 1111978 40124 41666 576257
1153195 1153922 144408
1125492 1127913
1106052 168410 18251
25413
1132809 232605 25413
1113084
12275 630890

184918 23507
1109392 13717 152731 217852 23502 649731 93320
10186 1107140 1113852 1130539 154134 40151 74749

27230

235670 235679 689439
1154524 235670 235678 57773 689439
1154524 235670 235678 235679 57773



101662 101811 1118764 11325 11342 1153064 1153148 189574 22563 27249 27250 411092 65650 73146 84020
1120059 2665
2665
1106406 1107455 7432
1127851
1125386
95718
359067

1132434 1132459 1136397 1154123 1154124 428610 447250 675649 675847 69392
1111265 15076 928873
1113438 45605 503871 650834
1113459
1152711 159085
1113541


459214
1000012 1061127 1106388 1107095 1108551 1110426 1114512 1117786 1119295 1120650 1127619 1153254 136766 136768 151430 18615 212777 23546 27230 49811 49843 49844 49847 582343 591016 591017 63931 6917 6923 72908
1103499 1106546 1153024
1122460
1109581

1113742 116553

1113828 58552
1113831 1121398 592975 594387
1113831
682666
1127812 567018
1104449 1105344 1105433 1106370 1106671 1123576 1131149 1131267 1152194 1154042 124828 131042 131318 145134 145176 19697 197452 202639 23116 239800 27627 40124 63549 641976 65212 671293 79809 92065 95719
1104258 1112723 131042 34315 40125 6771
111866
1113926
1102550 195792
1152277 1152673 1154251 25184 27174 96335
285675 385572
601561

23116
1129621

108047 444240
33303
1135589 1140543 120084
1114192
1108834 1118848 1136397 1153897 147870 202639 675649 910
1104769 1105932 1122580 1126503 1997 641956
28202 45212
582343
1108167 1110028 1121063 385251
168958

1114331
1114331 1131116
1114336
1114352
1114388
110164 1117184
1114442
1114442
1114442 1138968 85449
1131116 148341
1114502
1114512 1118302 263486
1114512
1152761 1153860
1117219 662416 6910
1153183
120084 289085 335042
86359
102406 107177 1104055 1116268 1116842 1118764 1119751 1152075 167656 175291 197783 28641 321861 350362 4660 59045 6125 65650
1104851 1106630 1107861 1110438 1116842 1121867 1123926 1152075 197783 211906 27250 463825 52784
1115375 1130676 1130808 1131607 1132948 1135899 1140230 230884 236759 282700 395540 578347 696342 696345 696346 751408 99023
1119671
1105574 1113035 1115375 1122704 1130676 1130808 1131607 1132486 1132948 1132968 205192 230884 237489 2658 395540 43639 578306 578309 578337 578347 582139 630817 631052 696345 696346 751408 763009 99023
75121
1153195 69198
1114605
1108169 1120197 2698 342802
1108050 1108169 1113035 1114192 1118083 1120858 1123239 1133004 160705 256106 2695 2698 342802 469504 5348 5869 99025
1114192 256106 2695 342802 99025

1120777 12330 395553 72056
203646 63549
1114838 1153003
180373 25184 35343 96335
148399 248119
1106418 1118209 148399
23545

1106492 1116268
1104851 59045
1110390
368431 8079

192850
210871
1114992
1110998 1128990 1152143 188318
1152143
1106630 1128542 27531 592826 66594
1106370 763009
1112026 13686 173884 308232 34961
1106630 1135125 27531
111866 124734 249858
1118209 12198
105899 1104182 1126029 27632 28254 686015 686030 686061 75674
105899 116021 18619 23116 27632 28254 686015 686030 686061
20528 28254 55968
28254

627024 851968
627024
105057 1103676 1122580 112378 1132706 1786 23738
5064 5069
1115291
1114629 1128267 325497
20526 6169
1108267 1123756
1116347 1129096 628668
105899 1118092 686015 686061
1152436 943
1152896
1115375
1107312
1106547 1107355 128540 1385 308529 387795 567005 56709
1104999 1107674 28287 308529 56709 63832
108047
1109957 1113459 1129243 13193 241133 28227 341188 6210 6220 628667 628668 95579
35863
1106112 1125895 118558
1107312
353541
1152958 1152959 119761 346292
119761 949217
1128430 27631 6217 6220
1115456
1107367 1120444 194645

91975

168410 23258
1153056 128 206259 8213 95586
13193 6210
1152910 153598 341188 782486
1139928 1153287 131315 365294 7430 95589
124064 206259

285675
32260
1059953 28641

12182 155736 155738

1131557 177993


1123756 1130847 1130856 415693 503883 634902 634904 634938 634975 647447
1118092 36167
1123215
54131 578669 595157
689152
689152
103537 1105531 159897 189577 28964 35922 66794 88356 94713
1125402 1125944
289780 801170
1128453 1153784 801170
1128453 1153784 289780 801170
1115701 20924
48550
578845
293285

1125469
20924
649944


1112426 1122574 131117 144408 152219 29708 3229 400473
131315
131315 300071 35905 6818
155277



1133010 29723 396412 6818
1152858
1131198 335733 39474 643199
285675 708945
1131360 270085

1120211 3229 631052 75691

1107171 255233 33303
15889 221302 30973 395725 5062 83449


1152277 1152673 1154251 144679 30901

12960

110162 110163 218682 83449
1106236 129045 1949 1952 3101

110162 110163 110164 70441

38839
1106630
159897

1123068 48066

1105672 175291
103529 110163 110164 1152564 1949 470511 77826 77829

1129442 31349 686532
686532
10531 1063773 1107567 1123576 1124844 1129442 1129608 1135746 1152162 1152272 1152904 194617 286562 31336 31349 31927 43698 686532 686559
1121603
1115701 114189 14549 20592 289885 294030 39165
1131137 118682 39126 39165
1130780 1152150 227286 40583 40605 632796 632874 632935 633585 633721 9581

1138027 1139195
67245 67246
1153014
1116922
358894 91581
1110000 129896 129897 280876 5086
105865 1106789 1127530 1131267 129896 129897 137873 162664 308920 310742 3192 423463 5086 561364 642827
105865 129896 310742 3191 423463 5086 561364 642827
1124844 1129572 194617 31932
194617
1113995 1120962 1153933 200630 31769 346292 35061 45605 6771 688361
1117049
1000012 167670 238099 65653 86840
1106492 1110426 1119987 1120169 1152290 1153264 187354 277263 35070 417017 49843 6639 66782 6767 6941
1117089
1115677 1125992 1128430 1130634 1131728 1132706 120039 145215 167670 346243 36620 39124 40922 429805 654177 69397 8832
1103737 1114222 1131137 1132157 167656 964248
1132157 1153101 1153150 167656 167670
62274 94713
15076 174418 39199 636500 636511 84695
100197 1050679 1103960 1105718 1106568 1108209 1108834 1109392 1112767 1125082 1125895 1126037 1128839 1128868 1130915 1130927 1130931 1131647 1131748 1132418 1140289 1152277 1152673 1154169 1154251 118559 133550 157401 16461 189577 23502 25181 25184 27174 27631 31769 33412 35343 35863 35922 390922 396412 444191 447250 48550 49482 52515 62347 641976 654326 7022 72101 82087 82098 83826 90888 919885 92065 948299 949511 96335
104840 1102761 1106330 1106370 1107067 1113926 1115471 1125386 1128536 1131471 1153169 167670 180399 200480 20850 25184 259126 263279 3237 328370 39124 39126 46431 49660 6334 63477 63486 636098 66594 68463 8699 8821

1106330 1123068 1128536 20850 20942 521251 66594
1103737 1114222 1125467 192850 1997 272720 509379 66594 976284
1114222 65653
1125467 167670 3233 3237 601561
964248
1110531 1131137 3233 36620 39130 964248
1103610 1104055 1110947 1113739 307336 30895 30901 31932 350362 368431 854434 96335
1122704

1717 69418
95719

1118245

184918 23502
469504 99025
1105531 1121254 1132887 158172 293974 300071 315266 445938
1022969 33303

1110256 12960 429781
124296 211875 34708
1117618
1117653 289085
643199
110162
1120138 1123087 78549 78552 78557
1119004 33818 78549 78552 78557
1103960 1153577 1154176 33904 593813 82087
1103960 1110546
1103960 1134022 1136814 593091 593813

928873 949217
74427
1103969 1119216
1117942 682666
1106771 1111186 1114398 1115456 1116974 1122642 1153003 192870 34263 34266 368605 87482 90655
1122642 87482 90655
1122642 34263 90655
2695
1103979 40125
1103979

521251
1152958 284023
102406 120039 211432
193352

22883 31043
1104007 1106418 13982
1033 103482 103515 1050679 1103960 1103985 1109199 1112911 1113438 1113831 1114331 1117476 1119505 1119708 1120431 1123756 1125386 1127430 1127913 1128204 1128227 1128314 1128453 1128945 1128959 1128985 1129018 1129027 1129573 1129683 1129778 1130847 1130856 1131116 1131360 1131557 1131752 1133196 1133338 1136814 1137466 1152421 1152508 1153065 1153280 1153577 1153853 1153943 1154176 1154459 116552 12576 128540 132806 135130 141342 141347 148170 15670 1688 175291 178727 18582 190697 190706 1956 197054 198443 198653 206371 210871 229635 231249 248425 249421 254923 259701 259702 263279 263498 265203 273152 27510 28290 286500 287787 28851 289779 289780 289781 307015 335733 33904 33907 35061 38205 387795 415693 41714 427606 44368 45599 46079 46431 486840 48766 503883 503893 513189 54129 54131 56119 561238 568857 573964 573978 574009 574264 574462 575077 575292 575331 576725 576795 577227 578780 579008 592973 593091 593105 593240 593260 593813 594047 594543 594649 594900 608326 634902 634904 634938 634975 640617 646809 646837 647408 647447 66556 66563 66805 69284 69296 694759 735303 78511 787016 801170 81722 82098 84021 85352 86359 8865 887 97645 98698
193932


1113438 1152761 1153860 144701 210871 22229 240791 263498 45605 48766 503871 682815

168958 35343 59772
1118332

1118546
1104031 1116410 64271 95188
108962 108983 1108389 1125469 1919 519318 73146
100961 1050679 1110998 1116629 1128974 188318 399370 60169 60170 627024
1035 1113438 41732 486840

134060 20972 28359
358894 79809
358894
358894 79809

1152162 1152272 1152904 29723

1105116 1140547 1152162 1152272 1152904 194223 390894 390896 390922 396412 50336 50337 66982
1118823
1152633 17208 77438
105057 1104055 112378 12439 22563 27249 323128 350373 35797 46500 57764 63915
1104055 1105672 1116268 272720 52784
1132815 1152307 1152448 1152975 1153703 197452 20528
20528

7430
1128430 120039 189620
1119211 746058
1108389 130 189856 37888 589923 590022
30901
1153003
400455
1140040 641956 928873

1130539 217852 2440 5959 63931
1119140 260979
1119505
1119623
1119654
1129572
1105116
300071
1108389 1125469 1152633 293974 77438
67633


60560
108047 1128997 1129610 1153942 117316 592975 592986 593060 595056 606647 61069
1152896 1956 207395 310530
1120019
1104182
272345

1131270 1131277 137868 153063 642847 646195
1120084
1106172 1135746 5038 51180 65650 81350
1104191
128540
1107010 1116397 1152244
310530
1107010 1110579
1128407 38845
107251 107252
1131639





1107067 88356
1105932 1128881 1128927 1128935 116081 116084 116087 195150 277263 3231 46476 49660 52835 592826 592830 75972
346243 36620 39131 521252
1106330 1131728 3231 6334
1131137 118682 39126
39210 66982 66990
66982 66986
5075
130
1694

1130676

395547 684972
1135115 1153933

1120643 1134865
1120650
1123689 1154229 1154232 1154233 149669 162664 189571 242663 294030 3191 51045 521855 523394 559804 653441 714256 714289 714975


1120731
60159
1109017 1114442 116552
1120777 66990
368657
131117
1104258 1112723
1104258
118079
118079 13686
1104261 1132418 1152307 1152448 1152975 1153703 288 49660 671293

40583 633721 884094
1121459 112378 1131728 141868 145215 429805 654177
1154173

1153097



1104300
1108329 1113551 128383
254923

943087
1121537
127940

1033 1110515 144212 182094 190697 190706 197054 44455 568857 594047 61069

375825
1116594 1118120 1152179 340299
219239
27199
248119 27199 42209 57948 989397

1134865 48781
1135125 218666 47684
48555
1105428 1114664 1119078
1050679 1131634 1138968 62329
1104379
1104379 1116835



127940
1105622
1132416 671052
662572
1131195
1135894 152731 16461
105899 1110768 1111304 28254 395547 46468 510718
1103676 1103737 1104449 1108834 11093 1109439 1110438 1112929 1114352 1132459 1132461 1135108 1136393 1136397 1152917 118436 119956 120013 12946 137873 151708 168410 1717 299197 32688 328370 35797 37884 390889 395553 428610 4329 46468 684986 69392 69418 753265 949217
1104300 1121254 1136310 1136397 1140547 116790 1717 239800 32698 35922 390889 46468 62274 62417 755082 95718
267003
469504 99025

1129442 31349 686532
1106492 206524 48075
645571
1104435
1128227
1154068 6910

1128985 128540 227178 387795 41714 568857
210871 253971 606479
315266

300071
164885

1123093
1131266 27250

1130929 192734 350362 45189 976284
1105450 1106401 1132385 192734 192850 272720 45188 976284
1105764 120013
1102548
1104495 1106771 1115456 1116974 34266 87482

1104647 1125092
1033 1035 1131639 144212 190706 240791 503871 682815 975567
1031453 1102550 1113739 1116347 1120020 1128839 1130567 1130600 124064 1272 128 132806 13885 13917 168410 188471 193742 28278 28287 293285 36167 6151 6155 6184 6196 6210 6213 6214 628500 628815 782486 976334
1123493
1123530
1123530
1123530
1123530 593210
1152569 69284
58454
164


1153091 582343
27249
1105450

1105887 1127851 135765 135766 411092 434 449841 6917 8703
107251 107252 1105672 1118823 1120169 1152290 137380 308232 37541 389715 46547 51834
57764
1153275 57764

107251 1118823 1786 389715
18615 429781 5038 582343
66794
1128977 116553
1111788 1153106 235776 45212 6311


385067
1125393 47683 47684


1124837
102884 1108175 1112574 1153262 12182 12210 157761 164 25805 45189 68505 77515 976284 989397



133563 227286
133563 48550
1128975 595063
1104647 1125092
1104647 595056
1104647
1102567
1120643 1134865 397488 423816
1112369 217984 631052 7297
3237 66594
49753
49720
3233 463825
7867
1106388 49844 49847
1127851
49844


13269 35922 390894 50337 683355
13269 390894 396412
123556 14807 289088

62274

1131374 1153577 1154076
1131374 1153577 1154076 577331 646809 646836 646913 647413 647447
1153577 33904 646837
1102364 1112650 506 89416
1104851 1107861 1119751 1121867 129897 167656
1102364 1106546 89416
1120563 28026 5064 5069 521207
1120563 1121176 1129106 272345 28026 385067 5069
1120563 385067 5064
1120563 5064 5069
1104749
1126503 25794
109323 1105698 129896 137849 3187 3191 354004 423463 440815 561364 79809


1125393
73972
242663
1134320 1154232 242663 39890 51045
242663 51045


1107319 12195 12350 50381
1125597 573964 576691 787016


1119078 22883 27535 34961
1114664 22883 51866 51909
1105428 173884 502574
1125906
14545
1125909
1152714 133550 133563 133566 140569
1104809 52007
1104809 1112194 52000
1104809
1125953
1125992 521207 521251
521269
1125992
1125992
1125993
519353
1132864 683360
1126044 1140543
714975
1154229 523394 653441 714289
300806 39199 446271
1104851
1115471
1131471 1153811
1126315
531351
531348
1108050 1114192 1118083 1120197 1120858 1123239 1132968 139547 256106 2695 2696 342802 75695 911198 99025
1117184 56167
108047 1128291 1128319 1136791 117315 117316 17477 28336 578645 578646 578649 578780 593022 594543
1128982 1153897 141324 243483 459213 459214 578780 593859 593942 59715 66563
1117476 1128985 578780 579008 593921 594387 59715 62634
1105574 1128425 1130680
5600
582511
1129111 119956 227286 910
1104946

1128531
1114777 208345 521207
208345
892139
653441 714289
1022969 1117833 255233 33303 77826
562123 91581
1104999 1107674 127033 56115 56119 63832 83725
1104999 1107674 1129573 127033 135130 56119 62718 63486 63832 69284
1104999 1105221 127033 63832

642827
153063
561582 646440
561581
1131223
561581 561582
561595
561595 561610
153063 561568
1117184 1119178 1152308 239810 359067
1127541 561581 562067
1127551 561674 562067
1127558 1131300 562067
1127566
560936
1127619 61417
1129572 31927

3085 566664
3085
1127810
1127812
28287 308529 56709
1128959 18834 28287 308529 416455

1129629 1153816
1129570 1132731 1152676 1153942 28456 592975 592986 593060 595056 606647 647408
693143
1129608 1135750 1138970 171954 820662
513189 576691 787016

594900
576795 815096


117316 579008 593544 594649 608190 608191 66556 94641
1131734 1138968

1129778
1128975 595063
1153943 594649
1129629 286500 568857
1128198
576795
1128201
1128208 58758

1131752
1128227
711527
1154524 235670
578347
578347
1132486 236759 696345 696346 99023
578309
578306 578309

1128291 1128319 1153899 1153900 578645 578649

1128291 1153853 578649
1128943 1128978

578645 593240 593559 593560
578646
1128943 1128978 248425 593921 594387
1128314
1118658 57948
6925
1114526 1118658 57922
1128425 1130680
1128437
1128437
545647
13024 137956 899119

1114239 87417
87417
144679 87417
181782
1113828 248395
1110520 910
1128204 1128208 1688 33895 576973 69284
590022

1121867
1128856 591017
1128856

1128935
1128935
592975 592986
592986
592975
1128943 1128978 593105
1128943 1128978
1128946
1128977

593248
1129015 593921 593942

593240
594649
593210

1136791 593210


87363
87363
1128982
593560
593559



1129015 1153896
1153896 593942

1129015
1129629 650834
1129021

1129040
1153899 1153900







1102625 152226 545647 582511

102406 124734 217115 249858 6125
1102625 1106388 1107861 1110390 1114502 68463 86840 8699
96845
35335
1152277 1152673 1154251 180373 25181 27174 30895 96335
1129367 1129368 1129369


399370 60169
399370
399370
1129494

1129610

63477
608191 70970
70970

1129683 1131611
1153946
1107062 1129610 1153816 28456 975567
975567
1131719 193347
1107572 12211 27612 28641 385251
1132461 1154123 1154124 671269 675847
1105231
1129907
1106764 212777 94416
1106547 1107355 1130567 1385 193742 6152 6155 6213 6214
299195
1126029
1106966 1111052 1113739 130 134128 20534 28202 96847
689439
1106406 1114629 1130567 170338 20526 7419

1130069
1130080
10981 1105718 1120731 1136422 13686 27631 3229 399339
1120731 1153056 28387 58540 81350 976334
1108329 118259 118260 168410 181782 212930 28485 38480 8213 8875 95579
1120731
10796 1103315 1105764 1106406 1106547 1106966 1107355 1107455 1108329 1109957 1111052 1111230 1111304 1113182 1113459 1113614 1116347 1117760 1117942 1120020 1122425 1123553 1128267 1129096 1129243 1130567 124064 12576 128 13193 134128 1385 13960 153598 161221 17208 193742 195361 20526 20534 218410 23774 241133 28202 28227 28278 28350 28471 28485 293271 299195 299197 353541 35863 38480 399339 434 55968 58540 595056 6151 6155 6163 6184 6210 6214 6215 6220 6224 628667 628668 628815 672064 7419 755217 91975
1105764 1106172 1109199 1115886 1126029 1130600 1152740 124064 13960 149669 188471 23258 27631 28278 28447 345340 38480 399339 6155 6184 6196 6215 6224 628500 6378 93320 95589 97892
1120170 6224
1130243
1113739 1116347 1123553 230300 96847 976334

134128 6163 6224
28387 345340 6163
32260 50381 94713
1131565 195792 251756 593155 650834

62333
10793 1123991 1130356 84459
1107325
1107558 41216
294145
243483
1130454 1154012 626531 626574
1130454 626574
1154012
14083 312409
139547 911198
911198
127033
628459

1130600 188471
628668

628764 950986


1130567
628764
1130676
1130678
396412 631052

1114864 1115677 235776 69397
1108656 1119295 1121057 20833
884094
40583

633031
633030
1130780 31489 40605 632796 632874
1107067 1116268 1152307 1152448 1152975 1153169 1153703 200480 20850 3231 444240 46431 68463
40605 633721 884094
1130915
1125992 141868 200480 359067 521252
1112665 200480
1106103 1112075

509379 83461 96845
634975
634975
1130847

1105344



1122425 1129208 28473
1105360 1121057 1125393

1110531 95586
1103162 1129243 17476 28473 55968 6378 682666 892139
145215 38000 6935 6939
1117786 136766 136768 13717 6939
259702
1131149 1131150
1131150 672070 672071
1131163
1131164 1131258 16819
645084
1131167 1131236 644093 644334 644441 646286
1152244 38829 73327 91852 95188
1131172 644470

642681
1131180 1131236 1131301 1131312 1131335 642798 643239 643485 645046 645870 646286 646334 646357
1131184 642930
1131184
1131189
1131192
111866 249858
1131198
1131236 1131257 1131305 1131312 1131334 1131335 126927 16819 642894 643239 643485 644093 644448 644577 645897 646286
1131312 1131334 126927 16819 643221 644093
643221

1154068 643597
643777
643734

1131236

645016
645016
1131257 644577
1131258 644334
1131258 1131314 644470 644494

1131314 644470
1131301 1131305 1131334 643485 645897
1105394
1131274 645016
1154071
1131301 646334 646357
1131277
1131277 645084
154134 37483 63835
645016
645897
1131301 644494
126927

6913
6913
646357
646334
1131330

1131374 1154076 646913


1131359 1131360 1132731 646913
1131359 647413
1154076


577331
1131421 648112
1131420 1131421 648106 648121
1131420 648106
567005
1131414
1131464
1131464 123825
1131464

1125909 134307 519353 74698
1110209 1117920 134307 134316 142268 23070 65057 714748 74698 87915
1131549 1131565
1131550

1105433 1154042 23116
1134346 189774
1133930
1102646
1131728
1131741 654339
1131741 654326
1131754
1131828
103531
1105450 1118764 309476 5038
1105450 1112319
1132073

1123188
431206
116084 178209 568045 591017
1129778 141324 54131 593859 66563
1123530 96845
141324 593859 593942 66563
8821
362926 8821
1135750 1138043 573535 693143 695284
1105505 51834
1102646 1105505 1153031
509315 82090
82090
39210
39210
1117501 1152490 1153861 390889 39210
1132406
1132418 1132443 1132461 1154123 1154124
1132443
6130
1132443 1154123 1154124 6130 672071
1132443 1132461 6130 672070
31769 67246
31769
1105530
1130637 1153160 348437 411092 417017 49895 51909 83725 9708
1110256 1135746 12195 164 171954 38722 51180
1132505
1132505 675649
1127558 1127566 562067
1132505
1114777 55801
1106103 1114864 1120444 235776 6334 6925 69397
65653
1111240 350319
1123068 463825
100961 1116629 350319 35797 560936 562123 60170 6775
1106789 714975
47684
1117348 1125469 158172 293974 300071 315266 37884 390896 445938
1105531 1121254 1128425 293974 37884 390896 50336 50337
1105574 1128425 1130680 582139
1132857


1132857 682508
683404
683404
683355

684372


395547
395553 684972






273949

1133008
1133010
289085

1123188 124224 12631 431206 6910 78994
1117219 1123188 1132083 1152150 1154103 169279 263553 431206 662416
1105011 1116336 1131230 1135108 1152917 1717 428610 431206 4330 703953
1153811 449841
231198 411005 8581
1155073 187354 20857 308003 6941 93923
1114526 1118658 372862 57922 57948
206371 69296
206371
573535 695284
1000012 101660 1106388 1115670 1120650 18615 238099 308003
1116922
1132461

372862




1133428
236759 2658 696342 696346


1105672 1106630
1109439 1110438 137873 323128 52847

1120880

1107215 70441
1107215 1108329 128383 70441 70442
1135082 14549 212930 2663 54844
27631 36167

1134031
1134056
1129683 593068 593329


1134197
1105718
189774
1154232 1154233 189572 714260 714748
559804 714879
1154230 1154232 189571 559804 714208



1152259 1152991
239800 95718
1135122
1118347
1105764
1136446 7276 7297 763181
763181
899085
1127863 6923 93923 954315
763181
7276 763010 763181
14429 14431
1108389 116790 18774 35778
1134320 1134348 189774 519353 521855 559804 653441 714260 714748 714879
1154276
1105810 28447
1105810 1106236 1153166 1153724 1153728
1135122 948147
1135082
1135115
735311

1112194 52003

1135455 162080
367312 746058
950305
50980
1135894 1140543 1140548
1105764 1107312 1109581 1113182 1117760 1118245 341188
1153287 95586

1106771 1116974 34257 34266 368605 87482
367312
134307 23070
134307 23069
10186 1113852 2354
1120252 1131149 1131150
1105877
1105877
1105877 74920 74921
1107041 1128407 38845 38846 3932
1105887 1106388 22431 417017
1135899
1135955
1136631 1136634 753070 753264 753265 767763
753047 753264 767763
103430 1121569 141171
1121603 1153097 141171 314459 7537 80515
753047 767763
753047
1113534 1131348 1153097 141171 314459 409255 7532
1136040
1136393

1136110 1136446 1136447
1109957 686015

214472
214472
1113035 1120059 139547 911198
1105932 1128856 1128935 1153811 591017 592830
1105932 1128935 592830
1106568 1115790
1136446 1136447
1136446 1136447 1136449
1136446 1136447 1136449 762980

1136631
1138043 77112

106590 1129994 1152633 1153262 158172 293974 37888 589923 590022
9513
1129907 1131745 180373 25772 289885 294030 424 613409 910
3112 470511
3112 470511
1137140

1120138
575402 735303 9586

33818 78511 78557 9586
1120138 33818 78557
1120138 33818 78511 78549 9586

1138027 315789
573978
662279 662572
1121659 1131466 11342 1153275 31863 358866 79817 91581
1131466

314459 7532 80515
1121603 314459
13652 13654 13656
105057 1103737 1121867 154982 192850 27250 39124
1106172 892139
1138619
205196
205196
81722

820661



82087
82087

1108728 1110426 1111788 1128531 1132815 11342 1153148 1153866 133615 22431 22563 23738 263279 30895 368431 49843 49844 49847 55403 601567 62389 6311 65653 6639 97377
1139009
1106236 3097
101143 1106236 3097
1119708 1125492 1127913 1128198 1129367 1129683 1152358 1152421 1153280 1153943 1154459 259702 273152 307015 35 513189 573978 576691 608326 70970 81714 84021 98698
218682 22869 22874
954315
12576 56112 56115 56119 62718
294239
1106287
1106287 1117501 1130678 66986
1106298 1106492
1106298 1133047 18582 263279 415693 509233 98698


1140231
23258 299197 575292
19621 853116 853155
19621 853114 853116 853155
19621 853155
1140289

853118
299197 628751
1114331 1127430 1129027 1152421 1153280 1153943 1154459 152483 561238 574462 576691 577086 593091 640617 66556 682815

1120169 1152290
1120169 1152290
6539 75121 8224 8703 97892
1120059 1132968 2665 75691 75695
1154525 137956 167205 709113
1132809 1154525 1213 180187 232605 58268 709113 8591
1116268 12359 175291 36145 52784
175291 36145
1106418
1133469 1152740 1152944 18834

1102751 38000
1114184 18532
104840 1102751
104840 1102751
101145 104840 1102751 1105428 1119078 173884 27535 308232 353541 434 502574 51866 51909 59244 89335
593328
1128453 289779 289780 289781 801170
34266
409725
1110209 1153786 142268 23070
1102761 1153811
1102761


103515 1129570 395075 608292 647408 785678 8875
10796 1105033 1111304 1112911 1113614 114308 12576 134128 161221 170798 17476 19045 20972 265203 28456 299195 299197 334153 35490 38205 595056 6151 6213 6215 64519 87363 976334
1104647 1125092 1152761 1153860 197054 229635 395075 8875
1120643 1153816 395075 608292 646809 647447 8875
1129570 1152676 18582 395075 608292

101145 103528
59244
1106546 1153024 137130 506 65074
1112319 1116328 1132385 1152379 237376 28471 45188 45189 66805 6771 91975 976284
1103610 1133390


106590 1129994
1103979 1105344 1114352 1136397 1140040 34355 910
1122642 34263

1113934 13885 340075
1104379 1105344 1105530 1108834 1110520 1114118 1116569 1118848 1120858 1122460 1126044 1129111 1135137 1140040 1152194 12439 12946 131042 13136 160705 227286 242637 28278 31043 340075 340078 34355 35905 42847 436796 48550 5462 576257 58552 5869 636511 67292 675649 684372 755217 94953
52515

31863 358894

20178
1110579 1116397 1116410 20178
1113459

1106671
1131137 173884 39165

248119 989397
1126050

1152958 119761 143801 284023 284025
1107010 1111899 129558 1956 207395 3084 3828 38845
175576
6941
20180 28265 3828
129558 20180 28265 3828 940
1111733 1123087
1152896 3828 91852

1106764
141324 593105 593813 593859 593942 62634
1102550 1129018 1153897 116553 594387 62634











102879
102879 4804 9513
1110579 1116410
1110579
42207
1155073


95589
95579

1102794 252725
1153287 7430 95589
95579
1107367 28447 990075
32698
32698
1130780 633585
1120138 33818



594025
594387 96847
1130539 1153003 136766 136768 181782
1153262 28674 6539
211432 3240 39130
100935 1152358 1153943 33907 98693



33907 593091

1152358 575331
84021




578306 578309 578347

578337
